4177491
5125586
5033022
5138066
4148138
5140233
4111125
4138193
5051034
5020595
5002062
4009805
5115533
4023330
4136764
4164994
4135708
5053832
5170815
4138703
5177569
4157468
4150278
5046444
5049657
5023972
4050542
4140274
5117063
5006775
5053630
4177188
4016897
5182105
4020882
4043020
4138782
5011983
5182861
4009593
5161468
4110657
4027488
5139094
4137785
4045186
5046027
4170481
5136594
4029488
4111661
5007584
5169607
4051412
4000388
5177482
5112536
5135098
5138081
5173208
4139720
4007854
4001747
4020775
4159261
4020731
4003813
5030620
5148302
4152747
4138445
5053015
4110381
5000899
4001046
4136875
4167948
5009566
4137494
5010863
5123610
5014510
4177003
5182516
4139883
4053612
5158737
4171919
5006148
4051394
5176102
5005060
4008517
5008247
5142902
4150368
5051725
4045504
5046857
4050327
5051646
4164211
5158525
5112847
4157430
4001803
5189014
4143657
5117321
5140141
4003922
4051105
4105477
5000722
5164954
5143294
4121622
5134707
4167305
4053012
4164859
5138436
5181253
5167513
4134941
4011769
5000580
5174558
5017820
5156680
5135820
5013690
5143666
5157957
4029552